# Frame list with one line of data per frame:
#   FRAME_ID, RIG_ID, RIG_FROM_WORLD[QW, QX, QY, QZ, TX, TY, TZ], NUM_DATA_IDS, DATA_IDS[] as (SENSOR_TYPE, SENSOR_ID, DATA_ID)
# Number of frames: 99
1 1 -0.42136774144461725 0.20612693468743815 0.72971761881077646 0.49746669241603819 0.50348179413249394 -2.5726249834132537 3.6241996357930781 1 CAMERA 1 1
2 1 0.56916911121263458 -0.24191294809577202 -0.65179167577695474 -0.43896726503567551 0.43019151094635139 -2.4930970344929881 3.4071973693360049 1 CAMERA 1 2
3 1 0.92608358070543617 -0.36931298687148401 -0.066485347662565975 0.039456530790846052 -0.33640917746836851 -2.5907099131614153 3.5937766420078594 1 CAMERA 1 3
4 1 -0.35759056400334699 0.069536527751626193 0.56566643642760017 0.73980750370844128 0.51466104899412968 -1.6490185279370981 2.3631717736463265 1 CAMERA 1 4
5 1 0.56398556281819912 -0.036570078819584455 -0.47907085118090759 -0.67162045369134593 0.46208458882411302 -1.2093496082488995 2.0863636262018472 1 CAMERA 1 5
6 1 0.68405975550517351 -0.23142536037400527 0.55691725333924769 0.41030199415434554 -0.38497674952111804 -2.7493369052383287 4.4156407342774182 1 CAMERA 1 6
7 1 0.94112540537527523 0.023743317668365113 -0.23015190874931307 -0.24647378181537044 -0.073173007378996319 -0.89038306090179298 1.9130566368715038 1 CAMERA 1 7
8 1 -0.054326413175674909 0.083967289113384205 0.76636243108323054 0.63457604699091508 0.42966498756162558 -2.6025267362311757 3.6583367009667493 1 CAMERA 1 8
9 1 0.95385714636258789 -0.17053915578705403 -0.21280821336041209 -0.12564077762736492 -0.17135755258837609 -1.8963652499161245 2.5292495773077959 1 CAMERA 1 9
10 1 0.42912564626465216 -0.092631870744606715 0.72016875393873381 0.53724061842961068 -0.044837450451150153 -2.7697059201772625 4.3474951108345161 1 CAMERA 1 10
11 1 0.23815411749885662 0.11053068007738351 0.38389905634715837 0.88526103473254325 0.15641802954982381 -1.1404982260283587 2.0030241544972034 1 CAMERA 1 11
12 1 0.55653859210574752 -0.13115714827366456 0.64021812887937757 0.51301398168847334 -0.20740695707709378 -2.7468977855172358 4.1754674988897502 1 CAMERA 1 12
13 1 0.94609456690716864 -0.30662349600816152 -0.10409425753137995 0.0071754939523893157 -0.30543738374636853 -2.429925568490038 3.2290564096148864 1 CAMERA 1 13
14 1 0.71201468740369578 -0.11861566348361895 0.48455531769011412 0.49413718074639063 -0.3834966580805737 -2.5753501003246555 3.5628853975054704 1 CAMERA 1 14
15 1 0.9615007667599389 0.078112397353708576 0.075003570937440894 0.25256522572661916 -0.49602335443291928 -1.1616479556665806 2.0615896621506895 1 CAMERA 1 15
16 1 0.078002828567541482 0.053159567136123839 0.69169353832103442 0.71599557833990191 0.33869966571787491 -2.4319930172954627 3.2551364420523541 1 CAMERA 1 16
17 1 0.83330700365256072 -0.17276938433375547 -0.40525347577459958 -0.33394580080176561 0.14172369101056553 -1.9013899723560845 2.5228483739295164 1 CAMERA 1 17
18 1 0.97416765685795403 -0.16763049404018121 0.046830748354444535 0.14388980091824158 -0.44581759197166537 -2.1131873968492103 2.7935396086310722 1 CAMERA 1 18
19 1 0.22978072396199486 0.0027465573967804984 0.74642947749195909 0.62452887078905228 0.19291806284467214 -2.6968369936189438 3.9283440860314509 1 CAMERA 1 19
21 1 0.50941184661348338 -0.12272565398964534 -0.59466520053583083 -0.60976330133448886 0.47836573310507102 -1.9490751459300211 2.6231823656983604 1 CAMERA 1 21
22 1 0.68202165381642055 -0.086720276116622003 0.49426752810659841 0.53200156775630314 -0.34494494275383109 -2.5244962602368619 3.4219672610970258 1 CAMERA 1 22
23 1 0.94323204192333987 -0.21735315460214663 0.13698934312998851 0.2104871519652364 -0.48396875615270629 -2.3661873450314395 3.1657884663297793 1 CAMERA 1 23
24 1 0.98492528053185413 0.046168985145147341 0.025117259248807425 0.16480212337146607 -0.46051775977922926 -1.2041058322166502 2.0781581057149179 1 CAMERA 1 24
25 1 0.15619510861985161 0.07593129695332991 0.49663035673885569 0.85040920441376622 0.25612856916417792 -1.641742788066759 2.311815201238677 1 CAMERA 1 25
26 1 0.91962191682466077 0.10301704465053414 -0.22478725289498286 -0.30521092631675867 -0.031214171266720322 -0.39884104457007458 1.7872363694555413 1 CAMERA 1 26
27 1 0.87503095905998129 -0.37450048136336062 -0.28573554320986316 -0.11146932085441717 -0.11336685181255987 -2.5738859610643168 3.5245570718103609 1 CAMERA 1 27
28 1 0.66309330487067808 0.033676385162280463 0.40930823385037057 0.62581142512770915 -0.31399491363011856 -2.0140889373223612 2.6455306451466152 1 CAMERA 1 28
29 1 0.71430078164068611 -0.19738820791728545 -0.52206080230495167 -0.42221417245210724 0.30953202809431785 -2.1192757744328778 2.7757719665936151 1 CAMERA 1 29
30 1 0.82817470207895849 -0.2681532592509091 -0.41482811003865022 -0.26483604647272729 0.099485211513384256 -2.2993549105543978 2.9889631492123101 1 CAMERA 1 30
31 1 0.67685817136938076 0.0041795125375231361 0.42681749984851025 0.59972691230968933 -0.32834505034107336 -2.1557085417949535 2.8124470284934349 1 CAMERA 1 31
32 1 0.052495391801516619 0.077578302277180683 0.41113283145940316 0.90675004039237284 0.332841830813072 -1.06468726314164 1.9877033357181195 1 CAMERA 1 32
33 1 0.65778302414442735 -0.24383931545720092 -0.58424881597493994 -0.40806519383139761 0.35594708225979599 -2.3844425168757502 3.166278605757296 1 CAMERA 1 33
34 1 -0.49872421328334771 0.015837923294259221 0.46110985587903736 0.73375814822177243 0.4947286987604908 -1.0222810697185649 1.994306463247145 1 CAMERA 1 34
35 1 -0.030773029442776278 0.081610536070291409 0.80250323950899105 0.5902383346062916 0.41492966032323225 -2.6923213794625824 3.9829550115811707 1 CAMERA 1 35
36 1 0.81505072687002655 -0.27413123487233304 -0.43112664540886919 -0.27326579426358244 0.12002338446477483 -2.3293263228313421 3.0350093760464714 1 CAMERA 1 36
37 1 -0.44929612965476451 0.24419027342035926 0.73546143070453784 0.44452287026673154 0.48070668707876896 -2.6487107076816914 3.8519623187855192 1 CAMERA 1 37
38 1 -0.35193889146517476 0.21776095870339202 0.78334980135242072 0.46376963059256732 0.49975351273592244 -2.6899024324554084 4.0604139686358955 1 CAMERA 1 38
39 1 0.58871035653790504 0.042716646248532032 0.44526740753536953 0.67329959158239638 -0.2281950597024314 -2.0350947714138372 2.6592276950316673 1 CAMERA 1 39
40 1 0.99620635402885527 0.024074562809642496 -0.083611016161451626 -0.0015854319629967552 -0.33671002620544643 -1.1104816667585411 2.014223004603894 1 CAMERA 1 40
41 1 0.80770430274472871 -0.15408466104072416 -0.42647426423393775 -0.37681743391958183 0.19002913077545538 -1.8240758658657923 2.4578464888061005 1 CAMERA 1 41
42 1 0.88389742547981998 -0.042851934082702985 0.25082588140412365 0.3923970313258785 -0.51637556535990414 -1.9951793408121956 2.6688517650708774 1 CAMERA 1 42
43 1 -0.2763587650660595 0.018316721527147403 0.42379857975613344 0.86237178437164996 0.50644413774338548 -0.82040851216526522 1.9254455191040363 1 CAMERA 1 43
44 1 0.86566806797679008 0.1735732010298533 0.1476939243183554 0.44573270542896637 -0.50749332089345978 -0.88039309936113008 1.948124143511335 1 CAMERA 1 44
45 1 0.46769771416051764 0.11105891702621536 0.39472478914086107 0.78301794740331054 -0.096659621796171394 -1.5248854528792775 2.2112431265509311 1 CAMERA 1 45
46 1 0.92378667177833995 -0.1173997454936279 -0.28197547398639894 -0.23092275087759256 -0.04128861037199686 -1.6233664602432847 2.2914389602317935 1 CAMERA 1 46
47 1 -0.27796534804010042 0.10659174948333254 0.66857658457280189 0.68145345753910125 0.50867830501342415 -2.1963393825519657 2.9132107599896515 1 CAMERA 1 47
48 1 0.62837428811119045 -0.27883739102985849 -0.61859705819825328 -0.38043809350915853 0.37271995666789443 -2.5372679780971845 3.4835245738840239 1 CAMERA 1 48
49 1 0.96139036507143338 -0.26613284208637339 -0.046392540127226566 0.052436709768912383 -0.3587357381816027 -2.3458049435396386 3.0895765544648581 1 CAMERA 1 49
50 1 0.89228312860371328 -0.39577263770921484 -0.21086033597959408 -0.052275772212685943 -0.19924356194640341 -2.6198842686715071 3.680909294566562 1 CAMERA 1 50
51 1 0.86578156463241873 -0.22429423579700267 -0.36761655030329937 -0.25489694010321351 0.049380015656401641 -2.1109613998335508 2.7422583410305701 1 CAMERA 1 51
52 1 0.74855318966946949 -0.2464004019679738 0.48548758477031173 0.37849275974524754 -0.47047697252748644 -2.7215463901986401 4.2363142983775752 1 CAMERA 1 52
53 1 0.80818052335086221 0.13285644423151416 -0.27157463038877672 -0.5054113443836461 0.19297178933404385 -0.039096875734966972 1.7569022278611286 1 CAMERA 1 53
54 1 -0.37717460985273277 0.03596971544779308 0.49585078718590786 0.78139458028588815 0.51705796222203859 -1.2237624951606096 2.0926336010987305 1 CAMERA 1 54
55 1 0.88552464620198035 -0.052311760190407904 -0.31927086189541581 -0.33343019878108976 0.068156836281437039 -1.263527845919189 2.0679986062796067 1 CAMERA 1 55
56 1 0.17287424734930645 0.03357830571914034 0.69346594354130442 0.69863579720539026 0.25578495179695643 -2.512296292257461 3.4035167110251536 1 CAMERA 1 56
57 1 0.61853006186896853 -0.013331454192700003 0.48655080569564418 0.61685585704473744 -0.2630165594890026 -2.3176218716175088 3.0243789738984499 1 CAMERA 1 57
58 1 0.68867378831039805 -0.31620837216176251 -0.56932963148115379 -0.31875452841731855 0.28956001646833884 -2.5739793163342504 3.547182517291692 1 CAMERA 1 58
59 1 -0.45799427395108949 0.091905573713193148 0.57740355735888482 0.6696265694383462 0.49917804214298894 -1.7718125286002178 2.4601268606527671 1 CAMERA 1 59
60 1 0.89737733170795986 0.10791839549729369 -0.24132715263278545 -0.35331112330656139 0.024061725214973878 -0.32920237316754769 1.7767917099142301 1 CAMERA 1 60
61 1 0.67154949046992063 -0.16551679230071648 0.55031260425776274 0.46774085871464177 -0.35909200843580935 -2.7075439257929093 4.0239954078757751 1 CAMERA 1 61
62 1 -0.48753246802335803 0.2651795882571486 0.7198790884254237 0.41685246387973213 0.46362569725465103 -2.6571792731171464 3.8832973480881972 1 CAMERA 1 62
63 1 0.78867182217052678 -0.27583818809978533 0.43094949894141948 0.34087032763528696 -0.50780897950696557 -2.7135419970610086 4.2154157850577869 1 CAMERA 1 63
64 1 0.76084524420059019 -0.056767998280524104 -0.41795702913393706 -0.4931570039511759 0.27636557586121419 -1.2884370026552896 2.1006512519576566 1 CAMERA 1 64
65 1 -0.43704689013507453 0.16175390297452688 0.67533092472442557 0.57162385605100474 0.5005425481457334 -2.3294987466130981 3.1048340392582889 1 CAMERA 1 65
66 1 0.54812651145739133 -0.056827405733765601 0.58246488824010112 0.59754717584686723 -0.17799007803496744 -2.5853745816744893 3.5359045162705227 1 CAMERA 1 66
67 1 0.89323950243163819 -0.40038566065102449 -0.19960264493012955 -0.044421820962434119 -0.21302410488365744 -2.6298101577807107 3.7062906056941278 1 CAMERA 1 67
68 1 0.92572408976357101 0.27131365878399155 0.023082878318103829 0.26247092966117846 -0.49974002936467393 -0.085784295092079146 1.7966223036484041 1 CAMERA 1 68
69 1 0.78284202227802002 -0.21750726001229728 0.43564811946771548 0.38737536834683461 -0.47471823533324187 -2.6711474159323574 3.9202875494407694 1 CAMERA 1 69
70 1 0.94322874701376258 -0.080516328990119346 0.15835572793022357 0.28064232575378095 -0.51075009229034474 -1.9666211856191613 2.641033341353443 1 CAMERA 1 70
71 1 0.45092894134804051 -0.081476140341048151 0.68856681164588096 0.56205024180200058 -0.065265444586979623 -2.7424599758303931 4.119202709971189 1 CAMERA 1 71
72 1 0.60989265130542647 -0.066419806124997843 0.54205279605658596 0.57428053207922036 -0.25639962959746615 -2.5480494564490925 3.4568983101495019 1 CAMERA 1 72
73 1 -0.077371274711597882 0.091088078464605413 0.77252723683491187 0.62363315832253852 0.44332648461789231 -2.6119185267757534 3.6967373677549564 1 CAMERA 1 73
74 1 -0.4839610265017425 0.26315139960812045 0.72181462173741107 0.41894715365752916 0.46673767771649349 -2.6576281511397917 3.885841097521725 1 CAMERA 1 74
75 1 0.87563139496608655 -0.21629177488421128 0.29020319039642734 0.31979624224014586 -0.50563536174492796 -2.5325202223639938 3.4924731935419038 1 CAMERA 1 75
76 1 0.14598100938432784 0.078252018381533811 0.48852406086305883 0.85668571160969842 0.25870264778809093 -1.5879236331084974 2.2713188370723874 1 CAMERA 1 76
77 1 0.71337517511215887 -0.31778201985243787 -0.542945557951382 -0.30874029295358302 0.24578822641932829 -2.5483636489499952 3.4628464258388871 1 CAMERA 1 77
78 1 -0.44517048167148121 0.038167979941369716 0.49905073523756971 0.74250576510517263 0.50905122094711408 -1.2540023809619356 2.109585922707391 1 CAMERA 1 78
79 1 0.91854706053980795 -0.31686276076727637 -0.22124480121483545 -0.083186695739320846 -0.17878737877462014 -2.4256093281756717 3.2197643896561741 1 CAMERA 1 79
80 1 0.48919786999988468 0.024976121626358032 0.5237641352402056 0.69694531203829835 -0.10725909471359449 -2.2386820600217683 2.8960777850974702 1 CAMERA 1 80
81 1 0.60116098862400347 -0.25288222541747546 -0.6325065536013863 -0.41784148367031781 0.40439745089858958 -2.4896630494222913 3.3876217178452452 1 CAMERA 1 81
82 1 0.60088349572417787 0.031768906030834564 -0.39319922428374188 -0.6952151689934275 0.43849513335801377 -0.60988430357839607 1.8615583262351583 1 CAMERA 1 82
83 1 0.91333447566617332 -0.23794632677286101 -0.28386383504118223 -0.16918334519275732 -0.084519261649135091 -2.1541440026691734 2.7990364841064532 1 CAMERA 1 83
84 1 0.81845309621520468 -0.0060856087470718221 0.31139099516251295 0.48283863017950662 -0.47434494939384114 -1.9842546173518727 2.6376474272055686 1 CAMERA 1 84
85 1 0.84405659558247381 -0.38950736895471216 -0.34074020188813875 -0.14052966875692974 -0.048354173017248821 -2.6136187210802873 3.6364414672561267 1 CAMERA 1 85
86 1 0.68824359729867479 0.088759038484382824 0.33957680189448447 0.63492533378328964 -0.34931861601230368 -1.6512043155515785 2.322608349654649 1 CAMERA 1 86
87 1 0.99490389160917236 -0.0016672701570856921 -0.098103552194140506 -0.023219813049184683 -0.32177004675152665 -1.2136859954172887 2.0606787019497794 1 CAMERA 1 87
88 1 -0.48456563899240196 -0.085647937947098823 0.29970823062036345 0.81733441670573626 0.49662685081016628 0.092423906055966204 1.7953877814908066 1 CAMERA 1 88
89 1 0.85576209472396514 -0.30102586953305938 0.30980302777676644 0.28473978837855607 -0.506153747335925 -2.6841644412529848 3.9778977547981302 1 CAMERA 1 89
90 1 0.87454876028372119 -0.24806378731009612 -0.35141664669088069 -0.2239088290803076 0.015171347763544799 -2.2008003193933914 2.8539428666638571 1 CAMERA 1 90
91 1 0.93766715026440295 -0.21918198193247262 -0.23587566284855738 -0.13077555500528573 -0.14706511955394186 -2.0888251793997461 2.7246445883554915 1 CAMERA 1 91
92 1 0.8230351551506373 0.1710815357445131 0.18284899936444152 0.50981416706961769 -0.48363895341281016 -0.96559049176965372 1.9726735192547336 1 CAMERA 1 92
93 1 0.97744594454746514 -0.03579741584322766 0.067453491825858192 0.19689590383540112 -0.48031937273499897 -1.643649828883452 2.3493624601622458 1 CAMERA 1 93
94 1 0.99583472098380876 0.0234241941581434 -0.087493078570583763 -0.010463116810160999 -0.33727982127630862 -1.1036612047463052 2.0111657747678442 1 CAMERA 1 94
95 1 0.82505335526706325 -0.19694937710626828 -0.41793736693142203 -0.32530948517134256 0.14637182236009763 -2.0176336114219406 2.6397658183969623 1 CAMERA 1 95
96 1 0.49270269488863055 -0.15644671190650145 0.71646712776284893 0.46844779390918118 -0.14067184595492788 -2.7689424751860408 4.6957129129983217 1 CAMERA 1 96
97 1 0.80668729913805171 -0.22296625819827179 -0.4409313569765172 -0.3242239774434712 0.16489976141905358 -2.142160951195923 2.7827724371670759 1 CAMERA 1 97
98 1 0.90859239898678312 -0.23218233143255163 -0.29511102721743743 -0.18292265876226479 -0.067882297542775055 -2.1314563343884023 2.7693514658620866 1 CAMERA 1 98
99 1 0.87634436890819767 -0.22653629773882197 0.28793408292915662 0.31272322711532979 -0.5054044201893475 -2.5518074940774844 3.5330946159115304 1 CAMERA 1 99
100 1 0.50927702294421751 0.055624874885712314 0.46991863646839871 0.71883187345491628 -0.13875231364959445 -2.0063239356618299 2.6240701093246974 1 CAMERA 1 100
